Station ID	Station Code	Station name	Date	"Alk_4.5
mmol/l"	"ANC
æEkv/L"	Ca	"Cl
mg/L"	DOC	"Farge
mg Pt/l"	"K
mg/L"	KOND	"Mg
mg/L"	"Na
mg/L"	NH4-N	"Nitrogen part
æg/l N"	NO3-N	pH	PO4-P	POC	"Si
mg/l"	SiO2	"SO4
mg/L"	"STS
mg/l"	TOC	TOTN	TOTP	TOTP_P	SPM	Turbiditet	"Ag
æg/L"	As	Cd	"Cd-filt
æg/l"	Cr	Cu	Hg	"Hg-filt
ng/l"	Ni	"Ni-filt
æg/l"	Pb	"Pb-filt
æg/l"	Zn	"Temperatur
C"
40411	AAGEVEG	Veg†rdselva	05.02.2024	0.097	97	1.78	4.9	6.3	48	0.33	3.18	0.47	3.31	26	28.9	140	6.42	2	351	1.65	3.55	1.65	2	6.3	370	7.1	5.3	2.21	1.4	<0.002	0.2	0.043		0.27	0.71	2.18		0.54		0.447		6.6	
40411	AAGEVEG	Veg†rdselva	04.03.2024	0.115	116	1.93	3.17	6.3	50	0.32	2.69	0.37	2.59	37	54.7	150	6.55	4	384	1.4	3.14	1.5	3.9	6.3	400	8.8	8.1	3.45	1.7														
40411	AAGEVEG	Veg†rdselva	02.04.2024	0.103	97	1.77	2.43	6	50	0.26	2.28	0.32	1.94	14	24.3	130	6.46	1	296	1.43	2.99	1.48	1.6	6.2	330	5.7	3.9	1.66	1.2														
40411	AAGEVEG	Veg†rdselva	06.05.2024	0.107	96	1.73	3.01	5.1	38	0.29	2.54	0.35	2.28	15	36.2	110	6.57	2	379	1.16	2.49	1.57	1.7	5.1	290	5.9	4.2	1.94	1.1	<0.002	0.14	0.025		0.19	0.66	1.84		0.39		0.266		4.7	
40411	AAGEVEG	Veg†rdselva	03.06.2024	0.128	117	1.96	3.02	5.7	39	0.34	2.72	0.37	2.34	8	41.1	65	6.76	2	390	0.644	1.34	1.55	1.4	5.7	300	9.2	5.9	2.55	1.3														
40411	AAGEVEG	Veg†rdselva	01.07.2024	0.104	96	1.57	2.59	5.6	38	0.27	2.23	0.33	2.05	14	39.6	53	6.51	2	391	0.897	1.88	1.36	1	5.7	290	8.3	5.4	2.48	1.5														
40411	AAGEVEG	Veg†rdselva	05.08.2024	0.098	96	1.4	2.04	6.1	41	0.24	2.04	0.31	1.82	6	43.7	35	6.54	<1	393	0.906	1.98	1.17	1.4	6.2	330	9.2	4.6	1.84	0.81	<0.002	0.32	0.021		0.19	0.66	1.55		0.47		0.264		5.4	
40411	AAGEVEG	Veg†rdselva	02.09.2024	0.102	117	1.76	2.73	8.6	66	0.3	2.51	0.41	2.22	11	54.3	56	6.45	2	480	1.21	2.68	1.33	2	9	360	9.4	5.6	2.79	1.2														
40411	AAGEVEG	Veg†rdselva	03.10.2024	0.097	104	1.61	2.61	7	55	0.31	2.33	0.39	2.05	17	40.3	80	6.36	1	482	1.22	2.67	1.25	1.4	7.2	350	8	4.6	2.63	1.2	<0.002	0.35	0.03		0.2	1.68	1.97		0.59		0.379		7.4	
40411	AAGEVEG	Veg†rdselva	05.11.2024	0.084	93	1.49	2.59	7.3	56	0.32	2.2	0.36	1.99	27	33.5	96	6.25	1	395	1.46	3.11	1.25	1.5	7.3	370	9	5.9	2.5	0.94														
40411	AAGEVEG	Veg†rdselva	02.12.2024	0.097	97	1.66	3.21	6.9	57	0.37	2.56	0.43	2.32	36	44.4	150	6.26	2	522	1.65	3.48	1.44	1.8	6.8	400	9	6.3	2.62	1.3														
40352	BUSEDRA	Drammenselva	02.01.2024	0.204	214	4.29	1.97	3.3	19	0.47	3.71	0.65	1.56	5	12.6	270	6.96	2	109	1.62	3.31	2.79	1.4	3.4	360	3.4	2.8	3.18	0.64														0.6
40352	BUSEDRA	Drammenselva	05.02.2024	0.261	237	4.69	2.3	3.2	18	0.51	4.11	0.7	1.83	8	31.7	290	7.08	2	159	1.52	3.28	2.96	<1	3.2	410	4.6	3.6	1.23	1	<0.002	0.096	0.007		0.12	0.65	0.802		0.46		0.057		1.8	-0.4
40352	BUSEDRA	Drammenselva	04.03.2024	0.307	289	5.99	3.47	4	28	0.69	5.3	0.83	2.45	3	41.9	530	7.17	15	403	2.13	4.44	3.22	12	4.1	730	23	14	13.3	6.9														0.3
40352	BUSEDRA	Drammenselva	01.04.2024	0.321	303	6.35	3.51	4.7	33	0.65	5.37	0.8	2.4	8	36.9	480	7.14	13	441	2.14	4.77	3.25	13.9	4.8	680	22	16	16.2	7														0.9
40352	BUSEDRA	Drammenselva	06.05.2024	0.25	222	4.42	1.84	4.3	30	0.42	3.72	0.55	1.45	<2	20.9	230	7.09	3	257	1.51	3.28	2.39	2.4	4.3	350	6.3	4.2	2.71	1.2	<0.002	0.08	0.008		0.16	0.76	1.4		0.46		0.107		2.5	7.3
40352	BUSEDRA	Drammenselva	16.05.2024	0.189	168	3.31	1.48	3.5	22	0.41	2.97	0.48	1.25	5	17.9	190	6.92	3	193	1.39	3.12	2.21	4.3	3.5	300	5.7	5.1	3.24	0.68														7.3
40352	BUSEDRA	Drammenselva	28.05.2024	0.213	187	3.57	1.66	3.9	24	0.45	3.2	0.52	1.37	5	36.9	170	7.12	3	291	1.45	3.13	2.23	3.3	4	310	7	6.3	3.56	1														13.3
40352	BUSEDRA	Drammenselva	03.06.2024	0.206	196	3.79	1.65	3.9	25	0.42	3.19	0.5	1.33	7	20.3	170	7.09	4	203	1.44	2.98	2.13	2.2	3.9	320	8.1	6	4.9	1.3														12.8
40352	BUSEDRA	Drammenselva	11.06.2024	0.244	224	4.43	1.94	3.7	23	0.45	3.75	0.59	1.54	4	23	230	7.14	1	206	1.47	3.13	2.53	1.5	3.7	360	5.5	4.9	1.46	0.89														9.2
40352	BUSEDRA	Drammenselva	21.06.2024	0.246	226	4.42	1.67	4.3	28	0.43	3.72	0.56	1.41	6	31	230	7.13	2	257	1.43	3.1	2.36	2.9	4.4	380	8.5	6.7	2.93	0.84														12.2
40352	BUSEDRA	Drammenselva	05.07.2024	0.215	193	3.68	1.49	3.8	23	0.42	3.22	0.53	1.3	10	29.2	170	7.07	1	236	1.31	2.85	2.29	2	3.8	330	5.8	4.8	1.82	0.69														14.2
40352	BUSEDRA	Drammenselva	05.08.2024	0.218	206	3.84	1.47	4.2	26	0.42	3.28	0.56	1.38	12	28.4	160	7.15	1	260	1.35	2.88	2.37	2	4.3	320	7.8	5	2.56	1.6	0.01	0.33	0.007		0.17	0.77	1.12		0.56		0.115		1.8	18.2
40352	BUSEDRA	Drammenselva	02.09.2024	0.201	202	3.88	1.53	4.5	29	0.42	3.32	0.55	1.32	6	27.5	190	7.1	3	206	1.34	2.93	2.33	2	4.5	340	5.7	3.6	1.62	0.97														14.3
40352	BUSEDRA	Drammenselva	07.10.2024	0.195	207	3.9	1.49	4.6	32	0.44	3.24	0.56	1.29	8	23.3	180	6.94	1	206	1.48	3.17	2.22	1.2	4.8	340	6.3	4	1.2	1.1	<0.002	0.18	0.007		0.13	0.7	1.36		0.44		0.062		1.5	10.5
40352	BUSEDRA	Drammenselva	04.11.2024	0.209	220	4.25	1.7	4.2	27	0.5	3.52	0.6	1.44	7	18.5	240	7.03	1	213	1.56	3.32	2.51	2.2	4.2	380	5.1	3.7	1.35	0.94														6
40352	BUSEDRA	Drammenselva	02.12.2024	0.203	212	4.14	1.68	3.9	25	0.49	3.46	0.59	1.42	<2	15.5	250	6.99	1	143	1.58	3.32	2.52	1	4	370	4.9	3	1.3	0.66														3.7
40358	FINEALT	Altaelva	22.01.2024	0.651	596	9.31	1.65	2.9	17	1.1	7.87	2.23	2.18	<2	10.3	63	7.37	2	105	2.75	6.33	5.97	1.5	3	160	4.3	1.6	0.83	0.45														
40358	FINEALT	Altaelva	05.02.2024	0.643	630	9.77	2.13	2.7	14	1.18	8.29	2.39	2.54	<2	11.5	74	7.38	2	142	2.98	5.98	6.21	1.8	2.6	160	4.5	2.1	0.78	<0.3														
40358	FINEALT	Altaelva	04.03.2024	0.685	627	10	2.11	2.7	16	1.17	8.59	2.39	2.42	<2	<7.92	70	7.49	3	87.3	3.05	6.84	6.7	0.8	2.7	180	4	1.6	0.51	<0.3	<0.002	0.13	<0.003	<0.003	0.19	0.41	0.671	0.535	0.22	0.2	0.009	0.006	0.19	
40358	FINEALT	Altaelva	02.04.2024	0.639	677	11	2.75	2.5	15	1.25	9.55	2.57	2.87	<2	11.7	67	7.61	1	94.8	3.16	7.17	7.59	<1	2.5	170	3.4	2.2	0.47	<0.3														
40358	FINEALT	Altaelva	06.05.2024	0.788	784	13.1	3.89	2.6	15	1.45	10.9	2.83	3.51	<2	18.6	60	7.73	2	126	3.06	7.54	8.57	1.2	2.7	160	5.2	3.3	1.01	0.36	<0.002	0.13	<0.003	<0.003	0.2	0.41	0.519	0.448	0.21	0.21	<0.005	0.014	0.15	
40358	FINEALT	Altaelva	03.06.2024	0.36	338	4.93	1.18	4.2	34	0.79	4.37	1.24	1.35	4	37.7	18	7.21	5	328	1.8	4.32	2.62	6.5	4.2	180	14	8.7	6.44	0.99														
40358	FINEALT	Altaelva	01.07.2024	0.479	469	7.09	3.37	3.7	26	0.96	6.56	1.55	2.99	3	21.4	33	7.4	3	169	1.82	3.99	3.35	1.5	3.7	170	7.8	4.2	1.09	<0.3														
40358	FINEALT	Altaelva	05.08.2024	0.524	490	7.38	1.75	3.6	25	0.95	6.57	1.64	2.21	<2	17.8	21	7.68	<1	153	1.84	4.03	3.97	<1	3.7	160	7	2.7	0.72	<0.3	<0.002	0.085	<0.003	<0.003	0.18	0.58	0.851	0.812	0.29	0.23	<0.005	0.007	0.52	
40358	FINEALT	Altaelva	02.09.2024	0.562	598	9.44	3.48	3.3	19	1.17	8.44	2.01	3.2	2	19.3	21	7.73	1	120	1.69	3.58	5.18	1.4	3.2	150	3.5	2.2	<0.65	<0.3														
40358	FINEALT	Altaelva	08.10.2024	0.53	577	9.4	2.2	3.3	18	1.06	7.83	2.04	2.34	<2	14	41	7.64	1	121	2.02	4.3	5.94	<1.1	3.3	170	4.8	2.7	0.7	<0.3	<0.002	0.14	<0.003	<0.003	0.16	0.44	0.529	0.541	0.25	0.24	<0.005	0.006	<0.15	
40358	FINEALT	Altaelva	04.11.2024	0.503	557	8.76	2.05	3.3	19	1.02	7.02	1.94	2.23	<2	18.8	45	7.43	1	137	2.43	4.89	4.89	1.4	3.2	190	5.2	3.1	1	0.49														
40358	FINEALT	Altaelva	02.12.2024	0.652	699	10.9	5.22	2.7	14	1.4	9.99	2.4	4.41	<2	8.44	16	7.45	3	86.9	2.69	5.45	5.86	<1	2.8	200	6	1.8	0.43	<0.3														
40372	FINEPAS	Pasvikelva	01.01.2024	0.221	232	3.01	1.02	3	13	0.38	3.26	1.03	1.52	5	13.8	52	7.03	1	90.8	2.73	6.28	2.24	<0.8	2.9	140	1.9	1.4	<0.4	<0.3														3.1
40372	FINEPAS	Pasvikelva	03.02.2024	0.254	234	2.93	0.98	2.7	12	0.38	3.23	1.07	1.55	<2	8.99	56	6.9	<1	70.6	2.78	6.22	2.21	<1	2.7	130	1.9	1.6	<0.5	<0.3	0.022	0.12	0.003	<0.003	0.12	0.34	<0.3	<0.3	0.51	0.49	0.013	0.01	0.33	0.9
40372	FINEPAS	Pasvikelva	05.03.2024	0.254	232	3.02	1.06	2.6	12	0.38	3.39	1.05	1.57	<2	<11	63	7.05	1	83.1	2.84	7.26	2.34	0.9	2.7	170	2.4	1.7	<0.25	<0.3														3.1
40372	FINEPAS	Pasvikelva	01.04.2024	0.258	225	2.97	1.03	2.7	13	0.37	3.26	0.99	1.53	<2	<16.8	61	7.08	<1	<103	2.95	6.25	2.27	<1	2.7	150	2.4	1.9	0.26	<0.3														0.2
40372	FINEPAS	Pasvikelva	10.05.2024	0.25	231	3.03	1.03	3	15	0.39	3.21	0.97	1.55	3	16.2	36	7.1	2	102	2.81	5.94	2.19	<1.1	3	140	4.7	3.6	0.54	0.3	<0.002	<0.025	<0.003	<0.003	0.14	0.49	0.391	0.313	0.76	0.72	0.005	0.01	0.53	0.3
40372	FINEPAS	Pasvikelva	02.06.2024	0.274	248	4.6	1.85	4.1	24	0.48	5.1	1.46	2.18	21	33.1	10	7.22	3	252	2.07	5.03	7.47	1.6	4.2	180	9	5.6	1.73	0.66														11
40372	FINEPAS	Pasvikelva	01.07.2024	0.239	223	3.05	1.21	3.8	19	0.42	3.23	0.95	1.61	14	32.5	3	7.16	2	242	2.21	4.78	2.56	1.2	3.8	160	6.5	4.5	0.96	0.35														17
40372	FINEPAS	Pasvikelva	05.08.2024	0.255	229	2.97	1.05	3.3	15	0.38	3.24	0.97	1.59	3	29.1	<2	7.41	<1	240	2.29	4.89	2.32	1.7	3.4	140	4.8	4.2	1.06	0.36	<0.002	0.047	0.003	<0.003	0.14	0.78	0.541	0.513	1.75	1.48	0.005	<0.005	0.16	17.9
40372	FINEPAS	Pasvikelva	02.09.2024	0.235	234	3.1	1.04	3.1	13	0.37	3.29	1.03	1.57	15	24	<2	7.14	2	207	2.42	5.4	2.58	0.9	3.1	140	5.5	6	0.82	0.36														16
40372	FINEPAS	Pasvikelva	06.10.2024	0.24	243	3.54	1.27	3.2	15	0.41	3.8	1.17	1.73	2	29.4	7	7.26	<1	227	2.5	5.5	3.8	1.4	3.3	140	5.9	4.8	1.23	0.8	<0.002	0.12	0.004	<0.003	0.16	0.97	0.36	<0.3	5.95	5.62	0.012	0.006	0.36	6.6
40372	FINEPAS	Pasvikelva	03.11.2024	0.239	245	3.48	1.21	3.2	15	0.42	3.68	1.13	1.72	7	19.5	20	7.15	<1	150	2.72	5.67	3.45	1.2	3.2	140	4.6	3.2	0.86	0.5														1.5
40372	FINEPAS	Pasvikelva	01.12.2024	0.232	231	3	1.09	3.1	14	0.39	3.23	0.99	1.57	10	12	32	7.1	<1	111	2.9	5.88	2.19	<0.9	3.1	160	3.5	2.1	0.52	0.39														3.1
40373	FINETAN	Tanaelva	09.01.2024	0.41	431	6.14	2.14	2.3	13	0.82	6.07	1.78	2.58	8	24.2	69	7.17	2	315	4.86	12.8	4.31	1.3	2.2	170	2.4	2.6	<0.65	0.47														0
40373	FINETAN	Tanaelva	06.02.2024	0.474	449	6.31	2.03	1.8	11	0.84	6.14	1.83	2.61	<2	9.87	78	7.04	1	76.1	5.01	10.9	4.26	<1	1.8	130	2.1	1.8	<0.83	<0.3	<0.002	<0.025	<0.003	<0.003	0.3	0.3	0.334	0.311	0.28	0.25	0.005	0.015	0.6	0
40373	FINETAN	Tanaelva	05.03.2024	0.519	456	6.61	2.24	1.7	10	0.87	6.52	1.86	2.73	<2	<5.33	120	7.31	2	45.8	5	12.2	4.63	<1.3	1.7	190	3	1	0.43	<0.3														0
40373	FINETAN	Tanaelva	02.04.2024	0.531	475	6.93	2.41	1.6	10	0.9	6.84	1.94	2.8	<2	8.26	90	7.27	<1	60.5	5.35	11.8	4.85	<1	1.6	150	2.8	1.3	0.28	<0.3														0
40373	FINETAN	Tanaelva	06.05.2024	0.616	615	8.14	18	2.3	14	1.54	12.7	3.06	12.6	<2	16.6	21	7.84	2	121	3.54	7.93	5.83	<0.8	2.4	100	5.6	3.2	0.9	0.47	<0.002	0.22	0.003	<0.003	0.27	0.51	0.641	0.45	0.31	0.29	0.012	0.016	0.74	1.6
40373	FINETAN	Tanaelva	03.06.2024	0.202	179	2.33	1.6	4.1	32	0.47	2.72	0.73	1.56	6	27.2	6	6.98	2	225	1.79	4.5	1.52	2	4.1	150	7.4	5.3	1.83	1.1														8.8
40373	FINETAN	Tanaelva	01.07.2024	0.285	263	3.54	1.8	3.8	27	0.52	3.92	1.05	2.07	10	21.9	9	7.23	<1	157	2.5	5.57	2.49	1.1	3.7	140	4.8	3.5	0.75	<0.3														15.1
40373	FINETAN	Tanaelva	05.08.2024	0.385	356	4.66	1.87	3.3	21	0.65	4.97	1.34	2.51	<2	22	<2	7.61	<1	148	2.91	6.53	2.87	<0.9	3.4	130	6.7	3.5	<0.91	<0.3	<0.002	0.026	0.003	<0.003	0.26	0.48	0.713	0.651	0.37	0.24	0.007	0.013	0.41	18
40373	FINETAN	Tanaelva	02.09.2024	0.367	379	5.17	2.72	2.7	14	0.69	5.59	1.51	2.89	4	19.7	<2	7.54	1	156	3.14	7.47	3.34	1.1	2.7	100	3.4	2.2	0.49	<0.3														14.3
40373	FINETAN	Tanaelva	08.10.2024	0.308	326	4.45	1.84	3.5	21	0.64	4.56	1.33	2.14	4	20.8	3	7.33	<1	200	3.24	7.33	3.04	<0.8	3.5	130	5	2.9	<1	0.53	<0.002	0.054	<0.003	<0.003	0.29	0.34	0.664	0.62	0.32	0.28	0.009	0.011	0.28	1.8
40373	FINETAN	Tanaelva	04.11.2024	0.389	430	5.73	12.1	3.6	25	0.98	9.65	2.15	8.74	<2	17.5	68	7.37	<1	154	4.16	8.97	4.4		3.7	190	5.2	3.1	0.66	0.41														0
40373	FINETAN	Tanaelva	09.12.2024	0.367	352	5.08	2.45	2.7	16	0.66	5.23	1.47	2.54	<2	13.1	41	7.19	<1	116	4.53	9.79	3.73	0.8	2.7	140	2.9	2.1	0.98	0.7														0
40374	HOREVOS	Vosso(Bolstadelvi)	03.01.2024	0.076	61	1.17	1.79	1.5	9	0.32	1.73	0.31	1.19	<2	33.1	170	6.49	2	112	0.651	1.44	0.99	<0.8	1.5	240	4.1	2.5	0.6	0.6														
40374	HOREVOS	Vosso(Bolstadelvi)	05.02.2024	0.09	61	1.27	3.9	1.3	9	0.4	2.47	0.45	2.21	<2	15.5	170	6.54	3	161	0.673	1.41	1.13	1.7	1.4	240	5.2	3.7	1.08	0.67	<0.002	0.03	0.007		0.087	0.43	0.871		0.48		0.063		1.6	
40374	HOREVOS	Vosso(Bolstadelvi)	04.03.2024	0.079	51	1.07	2.7	1	6	0.29	1.87	0.34	1.56	<2	8.73	130	6.42	1	86.4	0.515	1.13	0.95	<1	1	180	2.4	2.3	0.48	0.32														
40374	HOREVOS	Vosso(Bolstadelvi)	02.04.2024	0.089	52	1.2	2.9	1.1	7	0.31	2.06	0.37	1.59	<2	<13.5	160	6.58	<1	96.1	0.57	1.24	1.05	<1.1	1.1	210	3.3	2.6	0.52	0.32														
40374	HOREVOS	Vosso(Bolstadelvi)	06.05.2024	0.085	60	1.29	2.95	1.2	8	0.31	2.1	0.37	1.66	6	15.8	150	6.61	1	121	0.615	1.32	1.02	0.7	1.3	190	4	2.8	0.63	<0.3	<0.002	0.068	0.007		0.05	0.34	0.764		0.32		0.045		1.1	
40374	HOREVOS	Vosso(Bolstadelvi)	04.06.2024	0.066	31	0.587	1.47	0.75	5	0.17	1.11	0.14	0.95	4	18.2	40	6.42	<1	111	0.387	0.86	0.54	0.8	0.78	80	2.3	2	0.51	<0.3														
40374	HOREVOS	Vosso(Bolstadelvi)	01.07.2024	0.061	30	0.522	1.08	0.85	4	0.14	0.89	0.11	0.78	4	15.8	20	6.43	<1	126	0.301	0.65	0.51	<1.2	0.87	73	2.4	2	0.6	<0.3														
40374	HOREVOS	Vosso(Bolstadelvi)	12.08.2024	0.071	41	0.632	0.98	1.5	10	0.16	0.99	0.14	0.83	3	29.2	25	6.43	1	219	0.366	0.82	0.62	2	1.6	100	3.3	3.1	0.94	0.41	<0.002	<0.025	0.003		0.063	0.4	0.748		0.27		0.057		0.96	
40374	HOREVOS	Vosso(Bolstadelvi)	03.09.2024	0.069	46	0.77	1.04	1.6	12	0.18	1.12	0.17	0.85	7	17.8	54	6.46	<1	147	0.489	1.03	0.7	2.6	1.7	140	3.5	2.6	0.64	0.34														
40374	HOREVOS	Vosso(Bolstadelvi)	09.10.2024	0.07	48	0.811	1.19	1.2	8	0.22	1.19	0.2	0.91	6	38.4	66	6.39	<1	111	0.432	0.93	0.78	<0.8	1.3	130	3.4	2.5	<0.5	0.34	0.01	0.086	0.005		0.042	0.34	0.787		0.26		0.036		0.78	
40374	HOREVOS	Vosso(Bolstadelvi)	05.11.2024	0.075	54	0.94	1.41	1.7	12	0.27	1.36	0.23	1.01	6	20.5	91	6.38	2	191	0.639	1.33	0.78	1.3	1.7	180	5.9	4.3	1.74	0.84														
40374	HOREVOS	Vosso(Bolstadelvi)	02.12.2024	0.075	46	0.949	1.84	1.2	9	0.25	1.49	0.24	1.15	<2	12.9	110	6.35	<1	127	0.549	1.19	0.86	1.1	1.3	190	4	2.9	1.8	0.56														
40375	MROEDRI	Driva	02.01.2024	0.234	191	4.07	2.15	1.1	5	0.76	3.75	0.48	1.65	4	<13	200	7.11	1	<80	1.41	3.22	3.28	<0.9	1	240	1.6	1.1	0.28	<0.3														0.1
40375	MROEDRI	Driva	04.02.2024	0.228	199	4.78	5.38	1.4	11	1.21	5.34	0.67	3.16	<2	11.1	320	7.14	2	94.5	1.78	3.78	4.23	1.3	1.5	390	3.8	2.5	0.82	<0.3	<0.002	<0.025	<0.003		0.18	0.69	0.448		0.28		0.015		0.49	0.5
40375	MROEDRI	Driva	04.03.2024	0.24	197	4.64	3.85	1.2	6	0.94	4.59	0.57	2.35	<2	15.9	270	7.18	3	153	1.6	3.56	3.82	2.3	1.2	330	4.4	4.1	2.2	0.85														2.9
40375	MROEDRI	Driva	02.04.2024	0.326	276	6.09	5.15	2.2	12	1.68	6.19	0.79	2.88	<2	27.4	360	7.28	4	227	1.53	3.61	4.33	2.4	2.3	510	10	6.8	2.42	1.2														2.5
40375	MROEDRI	Driva	06.05.2024	0.225	203	4.11	3.06	2.7	17	0.88	3.69	0.53	1.6	<2	74	83	7.14	7	721	1.69	3.31	2.17	14	2.9	250	19	13	12.3	1.4	<0.002	0.069	0.004		0.77	1.48	1.68		0.68		0.108		1.3	7.5
40375	MROEDRI	Driva	02.06.2024	0.159	123	2.43	1.25	0.75	4	0.56	2.29	0.26	1.01	<2	11.8	44	7.1	2	140	0.923	1.98	1.89	1.8	0.76	85	2.3	2.8	1.31	<0.3														12.4
40375	MROEDRI	Driva	01.07.2024	0.181	143	2.81	1.26	0.73	3	0.63	2.6	0.3	1.16	<2	10.7	53	7.08	1	82	1.08	2.27	2.36	1.7	0.79	100	3.3	1.6	1.43	<0.3														12
40375	MROEDRI	Driva	02.08.2024	0.252	209	3.92	1.18	1	4	0.76	3.45	0.41	1.31	2	11.7	67	7.32	<1	90.6	1.31	2.9	2.8	<0.8	1.1	120	4.2	1.9	0.9	<0.3	<0.002	<0.025	<0.003		0.1	0.52	0.331		0.16		0.007		0.28	13.2
40375	MROEDRI	Driva	02.09.2024	0.231	216	4.2	1.38	0.89	3	0.78	3.58	0.44	1.35	<2	10.9	66	7.26	1	79.7	1.25	2.62	3.1	1	0.89	120	2.4	1.3	0.59	<0.3														10.9
40375	MROEDRI	Driva	07.10.2024	0.245	236	4.6	1.51	1.4	8	0.86	3.93	0.51	1.48	<2	10.8	98	7.19	1	97.9	1.74	3.75	3.46	2.6	1.5	160	3.4	2.4	2.54	1.4	<0.002	0.054	<0.003		0.29	0.71	0.541		0.29		0.034		0.39	7.1
40375	MROEDRI	Driva	04.11.2024	0.234	240	4.95	3.09	2.8	16	1.04	4.54	0.6	2.16	<2	11.4	230	7.11	1	122	1.98	4.19	3.5	1.6	2.9	340	3.7	2.5	1.39	0.45														4.6
40375	MROEDRI	Driva	02.12.2024	0.208	200	4.28	2.79	2.4	14	0.91	3.98	0.5	1.93	<2	10.8	230	7.04	2	183	1.84	3.97	3.22	1.8	2.3	330	4.5	2.4	1.49	0.47														2.1
40360	NOREVEF	Vefsna	10.01.2024	0.28	315	5.83	6.98	2.2	14	0.43	5.6	1.11	3.79	<2	26.8	83	7.26	4	263	0.725	1.63	1.93	4.3	2.1	160	5.5	4.9	2.34	0.95														
40360	NOREVEF	Vefsna	05.02.2024	0.617	587	11.6	13.7	1.8	11	0.53	11.1	1.99	6.43	<2	7.99	79	7.4	<1	74.7	0.921	1.87	2.74	1.2	1.8	140	2.6	2.2	0.85	0.4	<0.002	0.058	0.004	0.004	0.11	0.31	0.674	0.586	0.29	0.24	0.026	0.005	0.69	
40360	NOREVEF	Vefsna	05.03.2024	0.719	655	12.9	12.3	1.7	10	0.6	11.6	1.93	5.7	<2	9.83	100	7.59	1	66.7	1.03	2.36	2.73	0.9	1.7	170	3.3	2.9	0.7	0.6														
40360	NOREVEF	Vefsna	02.04.2024	0.862	783	14.6	7.98	1.2	7	0.51	11.3	2.02	3.79	<2	6.4	110	7.69	2	51.8	0.939	2.07	2.73	2.7	1.2	180	2.5	1.5	1.84	0.32														
40360	NOREVEF	Vefsna	07.05.2024	0.429	473	9.27	8.77	2	14	0.34	8.02	1.34	4.02	<2	12.3	28	7.56	2	102	0.726	1.5	1.64	2.6	2	86	2.7	2.3	1.84	<0.3	<0.002	0.084	0.005	0.005	0.11	0.34	0.793	0.578	0.38	0.3	0.04	0.035	0.56	
40360	NOREVEF	Vefsna	11.06.2024	0.297	256	4.49	3.47	1.4	10	0.19	4.22	0.59	2.46	<2	7.82	9	7.35	<1	60.8	0.397	0.9	1.43	<1	1.4	57	2.2	1	0.8	<0.3														
40360	NOREVEF	Vefsna	01.07.2024	0.319	277	4.86	2.41	1.3	8	0.2	3.99	0.6	1.63	<2	12.9	12	7.49	<1	84	0.522	1.08	1.08	3.4	1.3	61	3.5	2.8	3.13	1.1														
40360	NOREVEF	Vefsna	05.08.2024	0.556	496	8.48	2.55	1.2	6	0.33	6.35	1.03	2.01	<2	11.6	15	7.76	<1	74.4	0.466	0.99	1.68	<0.9	1.2	69	4	1.4	<0.91	0.35	<0.002	0.13	<0.003	<0.003	0.063	0.33	0.359	0.348	0.26	0.18	0.024	0.006	0.21	
40360	NOREVEF	Vefsna	02.09.2024	0.484	489	8.51	2.59	1.6	10	0.29	6.29	1.02	1.86	<2	32.1	21	7.66	6	351	0.666	1.58	1.58	11.6	1.7	110	12	8.2	12.6	0.81														
40360	NOREVEF	Vefsna	07.10.2024	0.537	552	9.49	2.99	1.9	12	0.32	7.07	1.23	2.1	<2	8.22	33	7.65	<1	85.1	0.733	1.59	1.72	<1.1	1.9	100	1.8	1.2	<0.64	0.33	<0.002	0.13	0.004	<0.003	0.077	0.3	0.507	0.497	0.25	0.26	0.016	0.01	0.2	
40360	NOREVEF	Vefsna	04.11.2024	0.539	569	10	3.46	1.9	12	0.32	7.26	1.26	2.3	<2	7.99	75	7.56	<1	57	0.876	1.82	1.87	0.6	2	140	1.9	1.3	0.63	<0.3														
40360	NOREVEF	Vefsna	08.12.2024	0.543	558	9.94	3.33	1.5	9	0.26	7.22	1.24	2.09	<2	7.12	83	7.53	<1	85.8	0.883	1.93	1.79	1.3	1.5	120	2.3	1.6	1.21	<0.3														
62167	OSLEALN	Alna	04.01.2024	1.34	1391	31.1	127	3	17	2.35	58.7	5.47	77.1	260	58.2	970	7.8	63	589	2.95	7.46	17.9	4.4	3.3	1600	75	20	3.58	4.5														0
62167	OSLEALN	Alna	05.02.2024	1.47	1466	43	243	4.2	19	2.92	101	7.86	137	89	54.1	940	7.86	62	500	3.41	7.17	21.1	5.5	4.5	1400	77	38	5.43	4.8	0.018	0.3	0.045		0.4	2.51	1.59		0.96		0.369		12.1	1.7
62167	OSLEALN	Alna	04.03.2024	1.07	1060	28	108	4.1	32	2.25	50.9	4.58	61.9	16	121	810	7.68	60	1300	3.6	8.89	17.3	42.9	4.7	1200	83	57	36.5	21														3.7
62167	OSLEALN	Alna	02.04.2024	1.06	1036	25	61.5	4.8	32	1.74	34.8	3.89	35.8	70	41.5	740	7.76	32	512	3.28	7.33	16.6	13.2	4.9	1100	46	20	12.1	7.5														3.3
62167	OSLEALN	Alna	06.05.2024	1.69	1607	36.2	84.9	4	14	2.72	48.9	6	49.4	190	82.6	910	8.12	24	611	2.33	5.08	21.7	3.3	4.4	1400	42	25	3.79	2.9	<0.002	0.19	0.026		0.23	2.15	1.19		0.69		0.206		6.7	9.4
62167	OSLEALN	Alna	04.06.2024	1.83	1834	40.6	86.6	3.3	13	3.38	53.3	6.35	51.7	590	77.1	1700	8	87	655	2.77	6.97	23.3	6.5	3.4	2700	108	41	10.5	4.1														12.6
62167	OSLEALN	Alna	02.07.2024	1.92	1821	39.5	75.5	3.2	12	3.43	50.5	6.06	46.7	160	60.2	1440	8.01	52	486	3.68	7.82	25.7	5.5	3.2	2000	71	27	6.36	3.8														12.6
62167	OSLEALN	Alna	12.08.2024	1.95	1835	37.9	66	3.4	13	3.13	46.8	5.7	42.2	230	60.1	1230	8.04	52	430	2.46	6.42	23.6	3.6	3.4	2000	72	22	3.68	3	<0.002	0.36	0.023		0.24	2.04	0.994		0.76		0.236		5.3	13.3
62167	OSLEALN	Alna	02.09.2024	1.64	1769	37.1	55.3	4.1	15	2.81	42	5.59	35.2	210	52.7	1380	7.9	66	460	3.05	6.87	23.4	3.8	4.2	2000	85	19	4.15	2.9														12.7
62167	OSLEALN	Alna	07.10.2024	1.76	1770	37.5	54.3	4.1	15	2.94	42.5	5.83	33	460	63.1	1430	7.99	65	585	3.24	7.16	22	3.3	4.2	2300	88	23	2.74	2	<0.002	0.38	0.02		0.18	1.94	0.998		0.68		0.154		4.3	9.8
62167	OSLEALN	Alna	04.11.2024	1.66	1801	36.5	46.3	4.4	20	2.65	38.2	5.65	30.1	300	48.2	1200	7.93	57	423	3.76	8.04	22.6	2.8	4.4	1900	71	16	3.55	3.3														6.9
62167	OSLEALN	Alna	02.12.2024	1.29	1359	27	50.3	4.4	25	2.18	35	4.46	32.9	<4	74.8	940	7.88	54	1140	3.66	8.22	17.1	12.5	4.4	1400	71	31	14.4	18														6.8
40383	ROGEBJE	Bjerkreimselva	05.02.2024	0.073	49	1.25	6.28	1.5	10	0.32	3.52	0.6	3.6	<2	17.7	300	6.19	2	198	0.776	1.61	1.37	1.8	1.6	370	4	3.5	0.75	<0.3	<0.002	0.062	0.016		0.09	0.54	1.02		0.36		0.173		5.4	3
40383	ROGEBJE	Bjerkreimselva	19.03.2024	0.075	44	1.24	6.03	1.6	11	0.34	3.27	0.55	3.52	3	19.2	360	6.36	1	166	0.73	1.63	1.39	<1.4	1.6	460	4.7	3.5	0.61	0.41														3.1
40383	ROGEBJE	Bjerkreimselva	08.04.2024	0.08	48	1.37	6.09	1.5	11	0.51	3.27	0.54	3.46	11	<13.3	380	6.48	<1	139	0.73	1.59	1.4	<1	1.7	500	3.9	2.8	0.55	0.36														6.6
40383	ROGEBJE	Bjerkreimselva	07.05.2024	0.071	47	1.19	5.03	1.5	10	0.23	2.85	0.45	3	<2	18.1	270	6.47	1	141	0.625	1.41	1.16	1	1.6	330	3.3	2.7	0.53	<0.3	<0.002	0.18	0.017		0.057	0.27	0.781		0.12		0.185		2.4	9
40383	ROGEBJE	Bjerkreimselva	10.06.2024	0.089	60	1.21	5.57	1.9	14	0.3	3.18	0.52	3.48	6	32.9	230	6.51	3	235	0.645	1.46	1.36	1.1	2	360	7.4	6.5	0.89	0.41														16.5
40383	ROGEBJE	Bjerkreimselva	03.07.2024	0.104	78	1.5	6.1	1.8	12	0.26	3.55	0.58	3.85	24	47.5	230	6.81	3	293	0.602	1.29	1.43	1.2	2	400	16	4.3	0.64	0.35														16.3
40383	ROGEBJE	Bjerkreimselva	06.08.2024	0.1	77	1.46	5.2	1.8	11	0.28	3.2	0.54	3.38	4	41.6	280	6.82	<1	382	0.681	1.37	1.33	1.1	2	440	5.7	4	1.39	0.49	0.004	0.23	0.009		0.078	0.45	0.776		0.12		0.234		1.5	18.8
40383	ROGEBJE	Bjerkreimselva	17.09.2024	0.078	62	1.3	5.15	2.2	15	0.32	3.1	0.51	3.28	3	30.1	320	6.39	1	281	0.698	1.49	1.3	0.8	2.2	470	4.9	3.2	0.99	0.35														15.3
40383	ROGEBJE	Bjerkreimselva	21.10.2024	0.093	80	1.53	5.04	2.4	18	0.44	3.26	0.57	3.35	8	31.6	390	6.53	2	307	0.83	1.76	1.46	<1.4	2.4	530	6.9	6.1	<0.97	0.67	<0.002	0.086	0.011		0.083	0.43	1.17		0.17		0.187		2.7	13.8
40383	ROGEBJE	Bjerkreimselva	05.11.2024	0.078	60	1.36	4.95	2	14	0.3	3.04	0.5	3.18	3	13.2	400	6.3	<1	112	0.76	1.58	1.27	<0.9	2	510	3.9	3.1	0.63	<0.3														10.2
40383	ROGEBJE	Bjerkreimselva	09.12.2024	0.093			8.09	1.7	10	0.71	5.95	1.03	5.91	2	16.3		6.14	<1	141	1.53	3.16	2.13	0.4	1.7		3.2	2.6	0.46	<0.3														4.5
40361	ROGEORR	Orreelva	02.01.2024	0.716	778	16.4	22.7	5.4	24	3.41	19.4	3.36	13.6	<2	451	1620	7.56	36	3050	1.56	3.5	11.5	17.8	7.4	1900	97	81	16.9	7.7														
40361	ROGEORR	Orreelva	05.02.2024	0.729	734	14.6	22.8	4.6	26	3.4	18.5	3.25	13.8	<2	402	1190	7.77	22	2840	0.447	1.51	10.6	11.5	5	1800	76	67	13.1	5.8	<0.002	0.25	0.009		0.27	1.86	0.869		1.1		0.388		3.2	
40361	ROGEORR	Orreelva	04.03.2024	0.73	689	14.9	22.4	4.9	28	3.25	18.2	3.01	13	54	354	1590	7.61	20	2590	0.199	0.43	9.88	13.1	7.5	2200	69	59	12.4	3.4														
40361	ROGEORR	Orreelva	02.04.2024	0.843	837	17.3	22.8	4.7	24	3.34	19.2	3.22	13.1	21	191	1070	7.8	7	1420	0.059	0.091	10.9	5.5	6.7	1500	40	31	5.5	3														
40361	ROGEORR	Orreelva	07.05.2024	0.994	1004	18.5	22.6	5.7	21	3.52	20	3.48	13.4	50	185	230	7.97	6	1280	0.104	0.29	10.8	5.6	7	810	39	29	6.06	5	<0.002	0.33	0.006		0.088	1.33	0.49		1		0.097		0.95	
40361	ROGEORR	Orreelva	03.06.2024	1.16	1131	19.6	23.5	7.1	22	3.57	21.5	3.73	14.3	70	326	<2	8.02	7	2350	0.566	1.21	9.81	6.2	8.4	750	55	41	9.2	4.8														
40361	ROGEORR	Orreelva	01.07.2024	1.1	1068	18.7	23.8	6.9	17	3.57	21.2	3.69	14.2	<2	568	<2	8.08	5	5110	0.553	1.11	9.88	11.8	7.5	900	80	66	16.6	7.9														
40361	ROGEORR	Orreelva	05.08.2024	1.02	981	17.1	22.4	6	17	3.47	19.9	3.48	13.4	<2	380	49	8.1	6	2970	1.59	3.49	9.36	9	8.2	810	56	44	9.79	6.4	<0.002	0.33	0.006		0.096	1.06	0.419		0.95		0.073		0.93	
40361	ROGEORR	Orreelva	02.09.2024	0.911	969	17.1	21.6	5.9	20	3.49	19.5	3.45	13	8	437	120	7.77	14	3180	2.03	4.44	9.86	9.5	9.1	870	63	54	9.07	9.3														
40361	ROGEORR	Orreelva	07.10.2024	0.81	892	15.9	20	6.5	23	3.49	18.3	3.39	12.3	3	342	470	7.5	14	2100	2.33	5.06	9.95	5.8	7.9	1200	57	45	5.63	11	<0.002	0.29	0.008		0.11	1.27	0.613		0.97		0.069		1.5	
40361	ROGEORR	Orreelva	04.11.2024	0.745	923	17.2	20.2	6.2	21	3.53	19	3.29	12.3	<2	573	420	7.67	18	3950	1.72	3.73	11.1	18.2	10.2	1300	99	81	13.9	12														
40361	ROGEORR	Orreelva	02.12.2024	0.899	980	18.9	21.2	6.7	22	3.75	20	3.39	12.8	<4	875	540	7.66	33	6530	1.57	3.57	12.4	23.5	10.6	1500	140	130	26.2	16														
40387	ROGEVIK	Vikedalselva	02.01.2024	0.123	95	2.01	4.2	0.95	9	0.39	3.31	0.62	2.53	44	24.3	320	6.45	2	363	0.724	1.62	1.69	1.5	1.2	400	2.6	2.7	1.69	0.82														
40387	ROGEVIK	Vikedalselva	05.02.2024	0.07	48	1.15	4.76	1.1	9	0.26	2.74	0.49	2.7	6	18.1	170	6.38	2	156	0.48	1.01	1.32	1.7	1.1	240	3.5	2.9	2.23	0.31	<0.002	0.089	0.016		0.047	0.4	0.754		0.42		0.135		2.6	
40387	ROGEVIK	Vikedalselva	04.03.2024	0.064	33	0.889	4.41	1.2	9	0.19	2.37	0.39	2.51	<2	10.7	130	6.32	<1	125	0.404	0.91	1.15	<1.1	1.3	190	2	1.9	0.91	<0.3														
40387	ROGEVIK	Vikedalselva	02.04.2024	0.079	45	1.14	3.86	1.2	8	0.21	2.35	0.41	2.23	2	14.6	150	6.39	<1	138	0.457	1.06	1.34	1.7	1.2	210	2.2	1.8	<0.63	<0.3														
40387	ROGEVIK	Vikedalselva	13.05.2024	0.076	37	0.996	3.22	0.96	6	0.18	2.06	0.3	1.99	<2	20.8	210	6.51	<1	195	0.385	0.86	1.07	1.1	1	260	3	2.5	0.71	<0.3	<0.002	0.15	0.006		0.029	0.26	0.701		0.21		0.065		1.3	
40387	ROGEVIK	Vikedalselva	03.06.2024	0.09	54	1.1	3.11	0.98	5	0.2	2.09	0.31	1.96	<2	13.5	98	6.62	<1	121	0.353	0.75	1.06	<0.4	1.1	150	1.9	1.6	0.49	<0.3														
40387	ROGEVIK	Vikedalselva	01.07.2024	0.068	40	0.744	2.65	1.7	11	0.16	1.73	0.27	1.78	<2	30.6	76	6.43	<1	297	0.29	0.62	1	1.2	1.8	170	4.3	3.3	2.18	<0.3														
40387	ROGEVIK	Vikedalselva	07.08.2024	0.126	89	1.51	2.8	1.6	8	0.34	2.52	0.41	2.07	25	32.5	160	6.8	<1	285	0.394	0.85	1.36	1.6	1.7	280	4.5	4.3	1.54	0.41	<0.002	0.51	0.007		0.052	0.36	0.794		0.29		0.046		1.1	
40387	ROGEVIK	Vikedalselva	02.09.2024	0.074	60	1.15	2.77	1.9	13	0.25	1.94	0.36	2.04	3	16.4	220	6.44	3	213	0.457	1.15	1.38	1	2	330	5	3.5	1.16	0.34														
40387	ROGEVIK	Vikedalselva	07.10.2024	0.099	78	1.52	2.93	1.5	10	0.32	2.46	0.42	2.08	<2	13.8	250	6.6	<1	132	0.458	0.98	1.45	1	1.6	330	3.7	2.2	<0.9	0.37	<0.002	0.32	0.007		0.04	0.37	0.785		0.26		0.047		0.99	
40387	ROGEVIK	Vikedalselva	11.11.2024	0.122	98	1.93	4.06	1.4	9	0.47	3.44	0.54	2.7	13	21.6	320	6.54	3	286	0.83	1.65	1.68	1.9	1.5	410	7.1	5.6	2.11	0.46														
40387	ROGEVIK	Vikedalselva	02.12.2024	0.058	30	0.815	3.75	1.5	13	0.2	2.02	0.35	2.16	<2	31.4	140	6.14	2	280	0.418	0.93	1.11	2.7	1.6	230	7.3	5.3	3.22	0.8														
40391	SFJENAU	Nausta	03.01.2024	0.063	43	0.764	2.6	1.2	9	0.32	1.78	0.33	1.65	<2	9.26	130	6.25	2	72	0.907	2.04	0.92	<1	1.3	180	2.3	1.3	<0.47	<0.3														-0.2
40391	SFJENAU	Nausta	06.02.2024	0.052	20	0.672	4.86	1.1	9	0.26	2.32	0.4	2.43	<2	9.92	57	5.77	2	93.7	0.606	1.29	0.84	0.8	1.1	100	2.6	1.9	0.5	<0.3	<0.002	<0.025	0.007		0.07	0.17	0.621		0.11		0.034		1.6	-0.1
40391	SFJENAU	Nausta	06.03.2024	0.055	29	0.79	5.38	1.3	10	0.31	2.55	0.47	2.7	<2	16	64	6.2	2	102	0.717	1.67	0.85	<1.5	1.3	120	4.2	2.8	0.64	<0.3														-0.1
40391	SFJENAU	Nausta	03.04.2024	0.06	29	0.716	4.73	1.6	14	0.28	2.27	0.4	2.44	<2	13	40	6.24	1	87	0.642	1.45	0.78	<0.8	1.6	100	3.5	2.5	<0.71	<0.3														1.7
40391	SFJENAU	Nausta	07.05.2024	0.047	22	0.378	2.29	1.2	11	0.14	1.27	0.17	1.4	<2	12	15	6.09	<1	121	0.375	0.82	0.48	0.7	1.3	53	2.2	1.7	0.67	<0.3	<0.002	0.034	0.005		0.027	0.13	0.752		0.069		0.038		0.7	5.5
40391	SFJENAU	Nausta	05.06.2024	0.052	25	0.374	1.72	2	16	0.13	1.1	0.15	1.18	<2	28.4	34	6.02	2	267	0.342	0.77	0.46	1.8	2	110	5.2	4.4	1.94	0.3														9.2
40391	SFJENAU	Nausta	02.07.2024	0.059	35	0.433	1.42	2.3	18	0.13	1.02	0.15	1.11	<2	18.9	10	6.29	<1	139	0.266	0.55	0.49	<0.4	2.2	87	3.8	2.5	<0.98	<0.3														11.9
40391	SFJENAU	Nausta	06.08.2024	0.071	47	0.547	1.41	2.5	21	0.18	1.18	0.18	1.24	<2	30	35	6.47	2	260	0.343	0.73	0.56	1.3	2.6	140	7	5.3	0.91	<0.3	<0.002	<0.025	0.004		0.049	0.25	0.927		0.13		0.044		0.84	16.2
40391	SFJENAU	Nausta	04.09.2024	0.062	44	0.576	1.37	2.4	22	0.19	1.19	0.2	1.16	<2	18.1	73	6.33	3	174	0.543	1.13	0.59	0.8	2.5	170	5.4	2.8	0.79	<0.3														12.3
40391	SFJENAU	Nausta	01.10.2024	0.062	40	0.535	1.64	2.7	25	0.21	1.28	0.2	1.18	5	26.2	29	6.2	<1	277	0.558	1.22	0.53	<1.3	2.7	140	5.7	4.5	1.17	0.45	0.002	0.061	0.006		0.05	0.25	1.06		0.13		0.058		0.88	6.6
40391	SFJENAU	Nausta	06.11.2024	0.054	29	0.456	1.64	1.5	14	0.18	1.1	0.18	1.12	<2	10.6	61	6.09	1	125	0.52	1.09	0.53	<0.5	1.6	120	4	2.5	0.74	<0.3														5.9
40391	SFJENAU	Nausta	03.12.2024	0.048	18	0.434	2.39	1.2	10	0.14	1.25	0.2	1.31	<2	13.1	29	5.87	1	141	0.435	0.97	0.52	1.5	1.2	95	4.4	2.7	1.65	0.72														1.8
40365	STRENID	Nidelva(Tr.heim)	09.01.2024	0.222	228	4.13	3.78	2.8	19	0.44	4.09	0.65	2.44	<2	15.6	110	7.15	2	104	0.953	2.14	1.65	0.9	2.7	180	2.4	2.2	1.13	0.37														0.4
40365	STRENID	Nidelva(Tr.heim)	05.02.2024	0.285	269	4.88	4.02	2.9	21	0.54	4.66	0.79	2.55	<2	21.3	130	7.21	5	217	1.26	2.6	2	11.1	2.9	220	8.9	7.5	10.2	2.1	<0.002	0.081	0.003		0.62	0.97	0.929		1.17		0.1		1.4	0.5
40365	STRENID	Nidelva(Tr.heim)	05.03.2024	0.258	229	4.11	2.98	2.7	20	0.48	3.78	0.66	1.9	<2	20.3	110	7.12	5	172	1.07	2.35	1.62	2.7	2.6	210	6.8	5.1	4.93	1.6														1
40365	STRENID	Nidelva(Tr.heim)	02.04.2024	0.321	288	5.43	4.15	3.1	23	0.6	4.9	0.83	2.46	<2	20.7	160	7.14	5	189	1.38	2.99	2.19	7	3.1	280	8.4	7.4	7.59	6.8														1.4
40365	STRENID	Nidelva(Tr.heim)	07.05.2024	0.234	215	3.86	2.3	2.6	18	0.42	3.38	0.61	1.48	<2	<11.6	98	7.19	1	<71.4	0.983	2.12	1.48	1.1	2.6	160	3	2.2	1.78	0.57	<0.002	0.046	0.003		0.19	0.6	0.672		0.68		0.016		0.42	3.1
40365	STRENID	Nidelva(Tr.heim)	04.06.2024	0.253	223	3.99	3.3	2.8	18	0.47	4.04	0.64	2.29	10	22.8	94	7.22	2	217	0.969	2.09	1.95	2.6	2.7	190	5.6	4.8	2.95	1.2														7.4
40365	STRENID	Nidelva(Tr.heim)	02.07.2024	0.275	245	4.39	2.72	2.7	18	0.48	3.98	0.64	1.86	<2	28.4	71	7.34	1	197	0.966	1.99	1.81	1.4	2.7	180	4	3.1	1.53	0.97														12.1
40365	STRENID	Nidelva(Tr.heim)	06.08.2024	0.252	228	3.93	2.14	3	21	0.49	3.44	0.58	1.54	5	33.7	52	7.31	3	281	1.06	2.01	1.52	5.8	3	200	6.2	5.5	5.97	3.2	<0.002	0.089	0.003		0.61	0.91	0.766		1.15		0.074		0.95	16.2
40365	STRENID	Nidelva(Tr.heim)	03.09.2024	0.268	268	4.67	2.65	3.6	26	0.51	4.14	0.7	1.9	<2	15.2	70	7.26	2	150	0.862	2	1.85	1.2	3.6	190	4.3	2.6	0.87	0.54														13.4
40365	STRENID	Nidelva(Tr.heim)	01.10.2024	0.241	250	4.35	2.28	3.6	28	0.46	3.74	0.67	1.66	<2	16.8	85	7.12	1	138	0.97	2.05	1.7	2.5	3.6	200	4.9	3.2	1.77	0.73	<0.002	0.1	0.003		0.23	0.72	0.862		0.88		0.033		0.6	9.6
40365	STRENID	Nidelva(Tr.heim)	04.11.2024	0.256	271	4.98	3.01	3.3	24	0.54	4.25	0.71	2.03	<2	16.9	140	7.08	2	141	1.21	2.45	2.07	4	3.3	230	5.6	4.2	3.65	1.8														
40365	STRENID	Nidelva(Tr.heim)	04.12.2024	0.236	242	4.38	2.66	3.3	25	0.44	3.8	0.65	1.79	<2	18.5	110	7.03	3	156	1.1	2.37	1.75	4	3.3	220	5.9	4.4	5.38	1.3														3.2
40357	STREORK	Orkla	02.01.2024	0.501	536	10.8	1.85	2	12	1.22	7.46	0.99	1.49	10	19.5	180	7.48	2	124	1.61	3.72	5.56	1	2	270	2.8	2.3	0.58	<0.3														
40357	STREORK	Orkla	05.02.2024	0.48	438	11.1	7.64	3.1	21	1.01	9.6	1.32	3.97	<2	19.5	270	7.24	2	177	1.64	3.54	9.03	2	3.2	370	5.7	4	2.4	0.65	<0.002	0.092	0.108		0.27	4.62	0.811		1.1		0.033		30.4	
40357	STREORK	Orkla	04.03.2024	0.519	486	9.56	4.86	2.6	16	1.36	7.81	1.12	3.02	24	44.6	240	7.48	3	340	1.4	3.1	4.59	2.4	2.8	420	9.9	8.4	1.94	0.88														
40357	STREORK	Orkla	02.04.2024	0.555	511	11.3	7.27	4	29	1.16	9.21	1.2	3.68	<2	31.7	220	7.52	1	254	1.58	3.54	5.79	0.8	4.1	370	6	4	1.76	1														
40357	STREORK	Orkla	06.05.2024	0.24	233	4.47	2.96	4	29	0.59	3.67	0.5	1.7	<2	42.7	35	7.2	4	424	1.19	2.65	1.63	5.2	4.1	180	11	7.1	5.54	1.4	<0.002	0.11	0.014		0.49	2.81	1.76		1.2		0.057		3.9	
40357	STREORK	Orkla	03.06.2024	0.477	419	8.17	2.59	1.9	11	0.93	6.19	0.71	1.8	<2	25.8	170	7.64	1	188	0.96	2.08	3.09	1.7	2	250	3.9	3.4	1.05	0.38														
40357	STREORK	Orkla	01.07.2024	0.474	495	11.9	3.14	3.1	19	0.86	8.87	1.16	2.41	7	28.4	170	7.63	1	246	1.28	2.74	10.6	1.7	3.3	290	5.7	4.5	1.99	0.51														
40357	STREORK	Orkla	05.08.2024	0.437	411	7.76	2.68	4.4	33	0.76	5.91	0.72	2.16	<2	36.9	110	7.53	2	332	1.43	2.94	3.15	2.3	4.5	270	7.4	5.3	3.17	1.2	<0.002	0.13	0.026		0.53	3.15	1.25		0.99		0.042		7.1	
40357	STREORK	Orkla	02.09.2024	0.532	569	11.6	3.05	4	28	0.89	8.25	1	2.4	<2	19.8	160	7.65	2	135	1.43	2.99	5.85	<1	4	230	3.9	1.9	0.55	<0.3														
40357	STREORK	Orkla	14.10.2024	0.48	488	9.76	2.98	4.1	30	0.87	7.02	0.94	2.3	<2	10.6	230	7.42	<1	118	1.79	3.85	4.73	<1	4.1	350	2.1	<0.53	0.59	0.66	<0.002	0.14	0.029		0.23	4.27	0.886		0.85		0.013		8.7	
40357	STREORK	Orkla	05.11.2024	0.286	313	6.78	3.6	5	39	0.55	5.41	0.72	2.33	<2	34.5	150	7.2	4	414	1.52	3.17	4.2	6.8	4.9	300	9	8.4	5.57	2														
40357	STREORK	Orkla	02.12.2024	0.314	326	6.69	3.59	4.8	38	0.5	5.27	0.68	2.33	<2	32.1	150	7.2	3	465	1.66	3.61	3.19	5.1	4.7	310	8	6.2	5.52	1.4														
40353	TELESKI	Skienselva	08.01.2024	0.109	102	1.97	1.33	3.1	17	0.23	1.95	0.26	1.09	<2	41.8	150	6.69	4	676	1.11	2.46	1.1	2.2	3.1	270	5.3	5.6	2.48	0.91														
40353	TELESKI	Skienselva	05.02.2024	0.13	112	2.2	1.61	2.7	16	0.29	2.16	0.28	1.24	13	17.8	160	6.81	4	206	1.22	2.52	1.2	1.1	2.9	310	7.3	4.1	3.5	0.73	<0.002	0.13	0.021		0.39	6.62	1.31		0.81		0.688		26.7	
40353	TELESKI	Skienselva	04.03.2024	0.137	112	2.25	1.35	2.9	18	0.22	2.06	0.26	1.08	<2	21	160	6.68	4	254	1.22	2.83	1.17	1.7	2.9	250	4.3	4.2	2.17	0.82														
40353	TELESKI	Skienselva	08.04.2024	0.123	106	2.11	1.35	2.8	17	0.23	1.99	0.25	1.07	2	22	160	6.65	1	556	1.18	2.55	1.11	1.3	3	250	2.9	3	1.85	1.6														
40353	TELESKI	Skienselva	06.05.2024	0.115	98	1.89	1.39	3	16	0.25	1.94	0.27	1.08	12	24.5	150	6.74	1	326	1.11	2.49	1.07	0.8	3.2	300	3.6	2.8	1.15	0.41	<0.002	<0.025	0.01		0.081	0.83	0.996		0.23		0.089		3.1	
40353	TELESKI	Skienselva	03.06.2024	0.132	114	2.21	1.3	3.3	17	0.28	2.06	0.25	1.08	24	31	140	6.81	3	341	1.09	2.35	1.16	2.3	3.1	430	6.6	4.8	2.55	1														
40353	TELESKI	Skienselva	01.07.2024	0.113	89	1.67	1	3.2	19	0.19	1.62	0.19	0.89	18	37.2	85	6.81	1	330	0.955	2.06	0.91	1.4	3.4	320	4.9	4.1	1.63	0.48														
40353	TELESKI	Skienselva	05.08.2024	0.125	107	1.87	1.04	4.1	23	0.34	1.96	0.2	0.93	19	151	67	6.73	1	1020	0.891	1.93	0.86	3.1	3.8	380	6.3	6.2	7.24	1.2	<0.002	0.16	0.034		0.18	5.93	1.6		1.4		0.593		16.5	
40353	TELESKI	Skienselva	02.09.2024	0.126	121	2.19	0.95	3.5	24	0.21	1.87	0.23	0.89	22	39.6	75	6.72	3	285	0.949	2.18	0.93	1.4	3.7	240	6.1	4.8	3.71	0.81														
40353	TELESKI	Skienselva	07.10.2024	0.113	110	1.96	0.95	4	28	0.25	1.79	0.23	0.9	22	33.5	89	6.68	2	301	1.05	2.2	0.91	<1.1	4.1	240	6.6	4.9	1.75	1.3	<0.002	0.2	0.011		0.14	0.97	1.54		0.3		0.135		8.2	
40353	TELESKI	Skienselva	03.11.2024	0.126	130	2.24	1.17	4.3	28	0.43	2.02	0.26	1.06	42	36.6	100	6.65	3	343	1.17	2.4	0.95	2.3	4.6	510	8.6	6.9	2.42	1.3														
40353	TELESKI	Skienselva	02.12.2024	0.124	132	2.77	1.59	4.1	24	0.33	2.17	0.29	1.28	<2	14	240	6.66	9	210	1.23	2.53	1.57	7.6	4.2	500	21	3.7	9.42	1.7														
69594	TROEML2	M†lselva v/gml E6-brua	02.01.2024	0.611	686	12.6	6.28	1.5	5	1.58	10.8	2.24	4.19	180	81.5	140	7.39	3	576	1.61	3.2	7.8	2.4	2	620	14	5.7	1.55	1														0
69594	TROEML2	M†lselva v/gml E6-brua	05.02.2024	0.573	527	9.35	3.27	1.4	5	1.28	8.32	1.71	2.31	480	104	60	7.16	5	714	1.24	2.67	5.6	11.7	1.5	910	13	14	6.23	0.5														0
69594	TROEML2	M†lselva v/gml E6-brua	04.03.2024	0.533	488	8.77	2.28	1.9	4	1.04	7.07	1.54	1.79	180	88.4	62	7.45	11	580	1.36	2.89	5.37	6.6	2.2	570	17	13	6.79	2.8	<0.002	0.093	0.005	<0.003	1.35	1.9	0.48	<0.3	0.81	0.47	0.138	0.008	8	0
69594	TROEML2	M†lselva v/gml E6-brua	02.04.2024	0.558	477	8.63	2.83	1.3	4	1.14	7.99	1.61	2.09	79	97.4	60	7.35	7	766	1.27	2.8	5.86	11.9	1.4	500	36	23	8.67	1.4														0
69594	TROEML2	M†lselva v/gml E6-brua	06.05.2024	0.59	557	9.99	3.41	2.7	18	0.83	7.79	1.76	1.97	<2	24.1	48	7.58	6	175	1.28	2.57	4.48	5.6	2.8	150	8.7	6.3	5.53	1.3	<0.002	0.067	0.004	0.003	0.28	0.75	0.807	0.616	0.56	0.43	0.07	0.033	0.85	2.4
69594	TROEML2	M†lselva v/gml E6-brua	03.06.2024	0.499	435	8.01	1.7	1.2	8	0.67	6.09	1.24	1.21	<2	26.5	31	7.44	6	187	1.05	2.23	4.15	4.4	1.2	84	6.6	7.9	3.65	1.4														7.4
69594	TROEML2	M†lselva v/gml E6-brua	05.08.2024	0.608	551	10	1.5	0.81	3	0.91	7.66	1.6	1.52	4	13	14	7.75	<1	98.5	0.879	1.83	6.04	1	0.8	70	3.5	2.4	1.38	0.62	<0.002	0.032	0.004	<0.003	0.12	0.45	<0.3	<0.3	0.33	0.19	0.024	0.005	0.27	17.5
69594	TROEML2	M†lselva v/gml E6-brua	02.09.2024	0.667	670	12.7	1.46	0.94	4	0.92	9.43	2	1.45	2	13	19	7.74	1	93.9	0.994	2.03	8.26	1.4	0.96	74	2.1	1.7	0.97	0.42														11.5
69594	TROEML2	M†lselva v/gml E6-brua	07.10.2024	0.64	661	12.2	2.26	1.5	8	0.89	9.27	2.03	1.73	5	9.31	39	7.62	<1	106	1.14	2.44	7.01	1.3	1.6	120	3.3	1.7	1.02	0.66	<0.002	0.043	0.004	<0.003	0.096	0.48	0.328	<0.3	0.39	0.35	0.02	0.026	0.4	3.1
69594	TROEML2	M†lselva v/gml E6-brua	04.11.2024	0.633	678	12.9	2.27	1.2	7	0.88	9.29	2.05	1.74	3	8.83	65	7.52	<1	71.8	1.35	2.85	7.86	1	1.3	130	2.3	1.6	1.37	0.66														0.5
69594	TROEML2	M†lselva v/gml E6-brua	02.12.2024	0.609	606	11.5	3.51	1.7	10	0.92	9.41	2.01	2.36	5	8.76	110	7.47	2	67	1.44	3.21	7.31	2.6	1.7	200	3.3	2.2	6.71	0.66														0
40354	VAGEOTR	Otra	08.01.2024	0.064	51	1.04	2.02	3.2	21	0.17	1.63	0.19	1.37	60	18.1	73	6.23	3	353	0.953	2.11	0.86	2.3	3.3	250	4.4	4.1	1.79	1.5														
40354	VAGEOTR	Otra	05.02.2024	0.072	51	1.09	3.23	3.7	28	0.24	2.09	0.25	2.01	33	24.7	85	6.02	6	272	0.992	2.13	0.99	1.4	3.9	280	9.1	3.5	1.34	0.53	<0.002	0.097	0.022		0.12	0.64	1.43		0.5		0.315		4	
40354	VAGEOTR	Otra	04.03.2024	0.07	54	1.05	2.56	3.6	31	0.17	1.79	0.21	1.77	9	22.2	79	6.19	1	229	0.858	1.89	0.9	1.2	3.6	210	3.3	3.1	4.87	0.56														
40354	VAGEOTR	Otra	02.04.2024	0.074	53	1.06	1.89	3.1	25	0.14	1.51	0.18	1.3	7	23.6	67	6.3	<1	248	0.84	1.8	0.82	1.1	3.2	180	3.1	2.6	0.86	0.49														
40354	VAGEOTR	Otra	06.05.2024	0.068	47	0.908	1.45	2.5	18	0.13	1.31	0.14	1.07	9	23.2	56	6.35	1	215	0.722	1.61	0.71	2.3	2.6	140	3	2.3	1.23	0.53	<0.002	0.12	0.01		0.062	0.35	1.05		0.31		0.144		1.8	
40354	VAGEOTR	Otra	03.06.2024	0.069	47	0.868	1.42	3	20	0.12	1.34	0.14	1.07	3	18.3	44	6.36	1	250	0.707	1.54	0.67	0.8	3	150	2.8	2.4	1.13	0.37														
40354	VAGEOTR	Otra	01.07.2024	0.069	51	0.932	1.29	2.7	18	0.1	1.17	0.12	0.96	4	27.9	30	6.48	<1	303	0.521	1.12	0.56	1.4	2.8	140	3.1	2.9	1.1	0.3														
40354	VAGEOTR	Otra	05.08.2024	0.078	59	0.998	1.25	3	20	0.12	1.29	0.14	1.03	3	28.6	32	6.51	<1	254	0.478	1.07	0.6	1	3.1	160	4	2.7	1.13	0.33	<0.002	0.12	0.009		0.073	0.4	1.04		0.3		0.196		1.9	
40354	VAGEOTR	Otra	02.09.2024	0.069	63	1.12	1.46	5.3	40	0.12	1.37	0.16	1.11	13	41.5	36	6.27	2	484	0.726	1.55	0.66	2.5	5.5	230	5.7	3.7	2.03	0.68														
40354	VAGEOTR	Otra	07.10.2024	0.07	56	0.981	1.31	3	21	0.16	1.18	0.14	0.97	9	19.9	36	6.36	3	223	0.618	1.33	0.55	0.8	3.3	240	9.1	1.8	<0.87	0.54	<0.002	0.085	0.008		0.075	0.33	1.01		0.24		0.118		1.5	
40354	VAGEOTR	Otra	04.11.2024	0.066	60	1.14	1.95	4.5	35	0.18	1.51	0.2	1.34	12	22.6	61	6.17	<1	291	0.929	1.97	0.8	1.2	4.6	250	4.5	3.1	1.18	0.5														
40354	VAGEOTR	Otra	02.12.2024	0.066	51	1.02	1.97	3.6	29	0.17	1.51	0.19	1.32	26	32.4	70	6.2	<1	302	0.915	2.01	0.8	0.8	3.7	230	6.1	3.6	1.3	0.61														
40355	VESENUM	Numedalsl†gen	02.01.2024	0.199	202	4.01	2.95	3.8	27	0.45	4.03	0.51	2.3	98	29.1	220	6.8	5	304	2.06	4.58	2.51	4.5	4.1	450	7.8	6.6	4.45	1.7														
40355	VESENUM	Numedalsl†gen	04.02.2024	0.187	176	3.29	3.55	3.8	25	0.49	3.84	0.6	2.77	<2	44.9	320	6.85	3	521	2.05	4.16	2.29		3.9	490	9.3		5.01	2.5	0.007	0.097	0.011		0.19	0.61	1.64		0.44		0.168		3.1	
40355	VESENUM	Numedalsl†gen	03.03.2024	0.176	159	3.21	3.76	4.9	36	0.54	3.82	0.56	2.78	<2	46.9	450	6.8	15	451	2.32	4.89	2.1	14.5	5	630	24	16	13.9	4.8														
40355	VESENUM	Numedalsl†gen	02.04.2024	0.158	157	3.06	2.24	5.7	48	0.38	2.93	0.4	1.83	15	52.5	240	6.77	10	664	2.14	4.48	1.81	13.5	6.1	450	17	13	15.5	4.5														
40355	VESENUM	Numedalsl†gen	06.05.2024	0.111	108	1.95	0.8	6.3	54	0.22	1.66	0.2	0.82	7	37.7	67	6.56	5	435	1.42	2.97	0.95	5.7	6.4	230	9.5	7.2	6.06	1.4	<0.002	0.078	0.013		0.19	0.71	2.93		0.35		0.32		3.9	
40355	VESENUM	Numedalsl†gen	03.06.2024	0.113	108	1.8	0.8	5.2	41	0.27	1.61	0.22	0.84	13	45.2	55	6.65	5	497	1.37	2.83	0.83	5.9	5.3	220	12	8.2	6.14	1.6														
40355	VESENUM	Numedalsl†gen	01.07.2024	0.152	139	2.5	1.41	3.9	28	0.31	2.33	0.3	1.29	8	40.6	84	6.88	4	356	1.45	2.99	1.39	4.8	4	230	8.6	7.1	4.76	1.2														
40355	VESENUM	Numedalsl†gen	05.08.2024	0.178	162	2.9	2.14	4.7	37	0.39	2.92	0.41	1.77	25	24.3	130	6.97	2	256	1.45	3.09	1.6	2.3	4.8	310	7.8	6.6	2.91	1.1	0.006	0.24	0.012		0.18	0.66	1.66		0.43		0.228		2.7	
40355	VESENUM	Numedalsl†gen	02.09.2024	0.152	167	2.9	1.98	6.2	50	0.38	2.81	0.43	1.68	20	27.3	140	6.8	2	252	1.54	3.36	1.44	1.2	6.3	350	8	4.7	2.01	1.3														
40355	VESENUM	Numedalsl†gen	07.10.2024	0.146	147	2.73	1.66	4.4	33	0.36	2.51	0.36	1.26	22	22.5	120	6.8	1	242	1.55	3.32	1.32	2.3	4.5	290	6.5	4.5	1.88	1.1	<0.002	0.15	0.008		0.12	0.61	1.54		0.45		0.107		1.9	
40355	VESENUM	Numedalsl†gen	04.11.2024	0.155	167	2.93	1.76	4.7	36	0.43	2.73	0.43	1.54	27	27.2	170	6.78	2	277	1.81	3.72	1.5	1.6	4.6	350	7.3	5.3	2.3	1.2														
40355	VESENUM	Numedalsl†gen	02.12.2024	0.166	157	2.97	2.06	4	31	0.42	2.93	0.43	1.64	34	30.3	210	6.84	3	286	1.93	4.03	1.71	3	4	390	9.4	6.7	3.31	2.4														
40356	?STEGLO	Glomma ved Sarpsfoss	10.01.2024	0.279	282	5.77	2.53	3.6	22	0.78	5.14	0.92	1.95	<2	15.5	420	7.11	3	144	1.86	4.14	4.1	2	3.7	560	5.1	3.2	1.08	0.9														0
40356	?STEGLO	Glomma ved Sarpsfoss	05.02.2024	0.301	286	5.68	4.55	4.1	33	0.93	5.83	1.08	3.17	<2	31.8	470	7.15	19	331	2.06	4.76	4.15	11	4.1	650	32	11	5.94	6.1	<0.002	0.13	0.011		0.35	1.37	1.36		0.99		0.205		2.9	0.1
40356	?STEGLO	Glomma ved Sarpsfoss	04.03.2024	0.309	290	6	6.71	4.7	38	1.12	6.77	1.18	4.23	62	87.4	570	7.1	29	669	2.58	5.38	4.27	22.6	4.9	870	44	31	26.6	23														0.5
40356	?STEGLO	Glomma ved Sarpsfoss	02.04.2024	0.304	300	5.99	4.4	5.5	48	1	5.84	1.18	2.92	41	57.7	520	7.05	20	476	2.51	5.7	4.18	17.3	5.5	800	31	21	18.5	23														2.7
40356	?STEGLO	Glomma ved Sarpsfoss	06.05.2024	0.283	238	4.7	2.25	4.9	39	0.69	4.27	0.78	1.78	23	30.9	290	7.05	6	269	1.89	4.27	3.46	6	5.1	480	11	9.2	6.08	3	<0.002	0.077	0.013		0.23	1.3	1.74		0.71		0.174		2.7	8.8
40356	?STEGLO	Glomma ved Sarpsfoss	13.05.2024	0.223	212	3.99	1.49	5.5	46	0.59	3.46	0.63	1.29	15	35.4	190	7.04	7	305	1.68	4.03	2.62	7.6	5.6	390	12	8.8	8.44	3.3														8.8
40356	?STEGLO	Glomma ved Sarpsfoss	22.05.2024	0.228	201	3.92	1.18	3.8	27	0.53	3.39	0.56	1.05	10	33.2	180	7.03	6	264	1.45	3.28	2.56	6	3.8	320	11	8.7	7.29	1.9														11.9
40356	?STEGLO	Glomma ved Sarpsfoss	03.06.2024	0.275	250	5.17	1.75	3	19	0.64	4.27	0.73	1.39	8	38.3	290	7.23	5	258	1.5	3.15	3.58	4.1	3	420	7.9	7.8	4.42	1.7														13.6
40356	?STEGLO	Glomma ved Sarpsfoss	12.06.2024	0.29	259	5.44	1.89	3	17	0.68	4.61	0.77	1.47	13	38.9	330	7.34	4	264	1.39	3.18	3.86	5.4	3	480	11	9	<1	3.1														13.2
40356	?STEGLO	Glomma ved Sarpsfoss	20.06.2024	0.279	255	5.18	1.66	3.8	24	0.64	4.36	0.77	1.37	9	36.4	320	7.26	4	260	1.49	3.23	3.52	4.2	3.7	470	11	8.5	4.63	1.3														13.5
40356	?STEGLO	Glomma ved Sarpsfoss	15.07.2024	0.303	284	5.74	2.08	2.9	17	0.72	4.72	0.81	1.65	23	51.7	290	7.33	9	358	1.52	3.33	3.82	8.2	2.9	470	18	12	6.58	1.1														15.8
40356	?STEGLO	Glomma ved Sarpsfoss	13.08.2024	0.272	255	4.81	1.68	4.4	32	0.63	4.09	0.74	1.47	12	47.1	190	7.24	5	370	1.34	3.02	3.11	7	4.4	360	12	9	5.73	2.3	<0.002	0.1	0.011		0.26	1.45	1.18		0.7		0.189		1.9	17.2
40356	?STEGLO	Glomma ved Sarpsfoss	02.09.2024	0.242	264	5.17	1.67	5.2	41	0.65	4.05	0.75	1.38	12	54.2	260	7.05	6	290	1.7	3.59	3.18	4.6	5.2	450	15	8	7.67	2.8														13.8
40356	?STEGLO	Glomma ved Sarpsfoss	07.10.2024	0.248	262	4.97	1.72	5.2	41	0.69	4.19	0.8	1.41	8	30.8	250	7.1	3	258	1.74	3.71	3.09	3.3	5.2	440	9.1	6.3	2.98	2.3	<0.002	0.21	0.007		0.16	1.41	1.46		0.64		0.116		1.9	10.1
40356	?STEGLO	Glomma ved Sarpsfoss	04.11.2024	0.255	290	5.58	2.03	5.1	42	0.75	4.49	0.89	1.62	9	28.7	320	7.09	9	244	2.08	4.27	3.41	4.8	5.1	510	19	6.9	6.58	3.7														5.9
40356	?STEGLO	Glomma ved Sarpsfoss	02.12.2024	0.287	298	5.93	2.78	4.4	33	0.85	5.34	1.07	2.01	<2	32.8	490	7.12	9	327	2.51	4.36	3.94	7	4.4	700	21	12	9.9	8.2														4.4
